param n := 50
;

param alpha := 1.47
;

param coordX [*] :=
 0 110    6  33   12 142   18  49   24  39   30  43   36  45   42  15   48  52
 1 117    7  97   13  51   19 119   25  42   31  18   37  78   43  33   49 124
 2 125    8   3   14  53   20  94   26 111   32  31   38 102   44 107   50 128
 3  39    9 149   15  47   21  39   27  52   33   8   39  98   45 104
 4  20   10  77   16  87   22  55   28 128   34 109   40  41   46  73
 5 118   11  64   17  23   23 130   29  11   35 105   41  34   47  57
;

param coordY [*] :=
 0 145    6  87   12  66   18  78   24  92   30  44   36  48   42 138   48  38
 1  83    7  68   13 136   19  65   25   5   31  73   37  81   43  33   49 147
 2 122    8 111   14  19   20  93   26   3   32 107   38  15   44  45   50  35
 3  29    9  77   15 103   21 110   27 126   33  11   39  78   45  89
 4  45   10 111   16  18   22  61   28  77   34 103   40 144   46   6
 5  64   11 118   17  24   23 147   29  54   35  91   41  84   47  47
;